,Acne_vulgaris,Acute_glomerulonephritis,Acute_hepatitis,Adverse_effects_of_medical_treatment,African_trypanosomiasis,Age-related_and_other_hearing_loss,Alcohol_use_disorders,Alopecia_areata,Alzheimer's_disease_and_other_dementias,Animal_contact,Anxiety_disorders,Aortic_aneurysm,Appendicitis,Asthma,Atrial_fibrillation_and_flutter,Attention-deficit_hyperactivity_disorder,Autism_spectrum_disorders,Bacterial_skin_diseases,Bipolar_disorder,Bladder_cancer,Blindness_and_vision_loss,Brain_and_central_nervous_system_cancer,Breast_cancer,COVID-19,Cardiomyopathy_and_myocarditis,Cervical_cancer,Chagas_disease,Chronic_kidney_disease,Chronic_obstructive_pulmonary_disease,Cirrhosis_and_other_chronic_liver_diseases,Colon_and_rectum_cancer,Conduct_disorder,Conflict_and_terrorism,Congenital_birth_defects,Cystic_echinococcosis,Cysticercosis,Decubitus_ulcer,Dengue,Depressive_disorders,Dermatitis,Diabetes_mellitus,Diarrheal_diseases,Dietary_iron_deficiency,Diphtheria,Drowning,Drug_use_disorders,Eating_disorders,Ebola,Encephalitis,Endocarditis,"Endocrine,_metabolic,_blood,_and_immune_disorders",Environmental_heat_and_cold_exposure,Esophageal_cancer,Exposure_to_forces_of_nature,Exposure_to_mechanical_forces,Eye_cancer,Falls,"Fire,_heat,_and_hot_substances",Food-borne_trematodiases,Foreign_body,Fungal_skin_diseases,Gallbladder_and_biliary_diseases,Gallbladder_and_biliary_tract_cancer,Gout,Guinea_worm_disease,Gynecological_diseases,HIV_AIDS,Headache_disorders,Hemoglobinopathies_and_hemolytic_anemias,Hodgkin_lymphoma,Hypertensive_heart_disease,Idiopathic_developmental_intellectual_disability,Idiopathic_epilepsy,Inflammatory_bowel_disease,"Inguinal,_femoral,_and_abdominal_hernia",Interpersonal_violence,Intestinal_nematode_infections,Invasive_Non-typhoidal_Salmonella_(iNTS),Iodine_deficiency,Ischemic_heart_disease,Kidney_cancer,Larynx_cancer,Leishmaniasis,Leprosy,Leukemia,Lip_and_oral_cavity_cancer,Liver_cancer,Low_back_pain,Lower_extremity_peripheral_arterial_disease,Lower_respiratory_infections,Lymphatic_filariasis,Malaria,Malignant_neoplasm_of_bone_and_articular_cartilage,Malignant_skin_melanoma,Maternal_disorders,Measles,Meningitis,Mesothelioma,Motor_neuron_disease,Multiple_myeloma,Multiple_sclerosis,Nasopharynx_cancer,Neck_pain,Neonatal_disorders,Neuroblastoma_and_other_peripheral_nervous_cell_tumors,Non-Hodgkin_lymphoma,Non-melanoma_skin_cancer,Non-rheumatic_valvular_heart_disease,Onchocerciasis,Oral_disorders,Osteoarthritis,Other_cardiovascular_and_circulatory_diseases,Other_chronic_respiratory_diseases,Other_digestive_diseases,Other_intestinal_infectious_diseases,Other_malignant_neoplasms,Other_mental_disorders,Other_musculoskeletal_disorders,Other_neglected_tropical_diseases,Other_neoplasms,Other_neurological_disorders,Other_nutritional_deficiencies,Other_pharynx_cancer,Other_sense_organ_diseases,Other_skin_and_subcutaneous_diseases,Other_transport_injuries,Other_unintentional_injuries,Other_unspecified_infectious_diseases,Otitis_media,Ovarian_cancer,Pancreatic_cancer,Pancreatitis,Paralytic_ileus_and_intestinal_obstruction,Parkinson's_disease,Pertussis,Pneumoconiosis,Poisonings,Police_conflict_and_executions,Prostate_cancer,Protein-energy_malnutrition,Pruritus,Psoriasis,Pulmonary_Arterial_Hypertension,Rabies,Rheumatic_heart_disease,Rheumatoid_arthritis,Road_injuries,Scabies,Schistosomiasis,Schizophrenia,Self-harm,Sexually_transmitted_infections_excluding_HIV,Soft_tissue_and_other_extraosseous_sarcomas,Stomach_cancer,Stroke,Sudden_infant_death_syndrome,Testicular_cancer,Tetanus,Thyroid_cancer,Tracheal,"Tracheal,_bronchus,_and_lung_cancer",Trachoma,Tuberculosis,Typhoid_and_paratyphoid,Upper_digestive_system_diseases,Upper_respiratory_infections,Urinary_diseases_and_male_infertility,Urticaria,Uterine_cancer,Varicella_and_herpes_zoster,Vascular_intestinal_disorders,Viral_skin_diseases,Vitamin_A_deficiency,Yellow_fever,Zika_virus
Acne_vulgaris,0.9999998,0.9979638,0.998149,0.99923795,0.99690855,0.99850297,0.9978075,0.99959993,0.9981306,0.998158,0.99762726,0.9973144,0.9978307,0.99877906,0.99772453,0.9973805,0.9979879,0.9992652,0.9980721,0.99815184,0.99874616,0.9983213,0.9986231,0.99804604,0.9981689,0.99840766,0.99738055,0.99819213,0.99838346,0.9984294,0.9983588,0.9959807,0.9972057,0.99861103,0.9975299,0.9976954,0.9986414,0.9976069,0.99838144,0.9995642,0.99866325,0.99881786,0.99875224,0.9981602,0.997877,0.9979936,0.99848235,0.9970148,0.99823874,0.9978714,0.99893546,0.9983088,0.99772495,0.9972093,0.99841714,0.9983735,0.99770516,0.9990435,0.99761647,0.99806273,0.99851733,0.9982647,0.99763805,0.99891686,0.99762475,0.9987571,0.9985782,0.99897975,0.9986031,0.9980407,0.9985092,0.99829555,0.9983827,0.99885136,0.99764425,0.99712753,0.997651,0.9975988,0.99788445,0.9977794,0.9979949,0.99808955,0.9977106,0.9986038,0.99807185,0.9985371,0.99796253,0.99829805,0.9988013,0.99870396,0.99729586,0.99776465,0.9984295,0.99869686,0.99846953,0.997952,0.99849045,0.9982966,0.99825966,0.9980215,0.9986432,0.99819154,0.99828076,0.998781,0.99800915,0.99785143,0.99819076,0.9974841,0.99710613,0.99913764,0.9984967,0.99865043,0.9986795,0.99878293,0.99867755,0.998508,0.9984076,0.9990788,0.9982584,0.99843675,0.9989288,0.9986245,0.9980335,0.99864316,0.9994163,0.996671,0.99813956,0.9986079,0.99866384,0.99822193,0.99809563,0.9985423,0.9975679,0.9981338,0.9980047,0.9985474,0.99880993,0.99643624,0.9984049,0.9983491,0.99955094,0.9994268,0.9985307,0.99772966,0.99825096,0.9988958,0.99759257,0.9986439,0.9979254,0.9980212,0.9975162,0.9983515,0.99819344,0.99759996,0.99842346,0.99817055,0.9981182,0.99823046,0.99823827,0.99698776,0.99822354,0.99788696,0.9985966,0.99783087,0.99872804,0.99873155,0.9987286,0.99915045,0.9983772,0.9986607,0.99785405,0.9989967,0.99834454,0.997341,0.9971798
Acute_glomerulonephritis,0.9979638,0.9999992,0.99854183,0.9986417,0.996074,0.9977177,0.9969192,0.99834996,0.9979351,0.9971274,0.99649405,0.99752533,0.9975608,0.99836546,0.9978933,0.9964437,0.99700767,0.9981378,0.9973489,0.99832296,0.9981488,0.99818754,0.9981736,0.9971229,0.9987453,0.9977682,0.99675936,0.9990107,0.998098,0.9989015,0.99832535,0.9950551,0.9956578,0.99821,0.9969884,0.9970285,0.99750566,0.997188,0.99746484,0.9985744,0.998732,0.99853337,0.99839187,0.9976299,0.99684066,0.99695754,0.99745154,0.9961639,0.99845797,0.99779123,0.9990008,0.99756736,0.99787474,0.995857,0.9976828,0.9979988,0.99677074,0.99795234,0.9970046,0.9970666,0.9970525,0.99848926,0.9980786,0.99889725,0.99604785,0.9983506,0.9980106,0.9983011,0.9984216,0.99849117,0.9987756,0.9977586,0.9980358,0.998799,0.9968032,0.9956635,0.9968992,0.9969687,0.9972344,0.9982119,0.9986121,0.9977222,0.99681616,0.997652,0.99859464,0.9980686,0.99834865,0.99722064,0.99840635,0.99839336,0.9963385,0.9970805,0.9981004,0.99835074,0.9981189,0.99743336,0.9983961,0.9982491,0.99799526,0.9986845,0.9985479,0.9983489,0.997224,0.9984617,0.99820787,0.99852437,0.998071,0.9977003,0.995973,0.9981722,0.99775285,0.9988019,0.9985723,0.99887073,0.9985109,0.9985338,0.99749887,0.9985651,0.9972582,0.9981238,0.9985689,0.99818844,0.997884,0.9978324,0.99881107,0.99512,0.9971417,0.998166,0.99789107,0.9982176,0.99826485,0.9987969,0.9973774,0.9978223,0.9979073,0.9983871,0.9982031,0.9948004,0.99813926,0.9981227,0.9985339,0.9986577,0.9983805,0.9970215,0.9983239,0.9990851,0.9963972,0.99689555,0.9972863,0.99742275,0.9963033,0.99771595,0.9982225,0.99803936,0.99838656,0.9974201,0.99803936,0.99768966,0.99819684,0.99658036,0.9983592,0.99655956,0.9980395,0.99714833,0.99867445,0.9984067,0.99932414,0.9986108,0.9980251,0.9983177,0.9983345,0.99827695,0.9977066,0.9965301,0.99640965
Acute_hepatitis,0.998149,0.99854183,1.0000001,0.9988003,0.9967245,0.99783915,0.99788594,0.99814004,0.9979749,0.9974198,0.9972168,0.99738336,0.997531,0.9986781,0.9982444,0.99709475,0.99725205,0.99817705,0.99774534,0.99846315,0.99807966,0.99822736,0.99861264,0.9980477,0.99836,0.99877125,0.99746037,0.99886197,0.9986232,0.9995509,0.998742,0.9958274,0.99635273,0.99800205,0.9971799,0.99736524,0.9979797,0.9981022,0.99813706,0.9985401,0.9990207,0.999109,0.9988333,0.99849635,0.9976135,0.99796337,0.9980065,0.997129,0.9985664,0.9976551,0.99910235,0.9981221,0.9983648,0.9965552,0.9977967,0.9976488,0.99761987,0.9982536,0.997966,0.9967904,0.99699664,0.99878156,0.99849236,0.9986763,0.9967882,0.9987869,0.9991368,0.99847585,0.99866045,0.9985631,0.9989049,0.99778795,0.99813586,0.9988878,0.9969836,0.9966695,0.99766403,0.9977973,0.998102,0.998514,0.9982788,0.9981182,0.9975085,0.99791205,0.99848896,0.9983178,0.99888736,0.9977735,0.9986228,0.99907583,0.9972463,0.9979604,0.997915,0.9983157,0.9985996,0.99859434,0.99849486,0.9981465,0.99789965,0.9983079,0.99848706,0.9985942,0.9976159,0.9987061,0.9979435,0.9983322,0.9984581,0.9977137,0.99703467,0.99848557,0.99810004,0.99885565,0.9989,0.99923366,0.99906546,0.99845344,0.9980217,0.9985256,0.9980125,0.9979815,0.9986135,0.9987597,0.9984964,0.9980488,0.9988568,0.99602765,0.9974476,0.9994765,0.9980764,0.99842954,0.9984749,0.99875623,0.99714607,0.9978361,0.998507,0.99831945,0.998518,0.9959695,0.9984901,0.9985611,0.9985854,0.9986118,0.998441,0.99797404,0.9984493,0.998939,0.99733174,0.9973629,0.9981984,0.9977234,0.99737537,0.99913913,0.9979502,0.9983884,0.9987033,0.9978684,0.99795055,0.9986206,0.9984188,0.9962583,0.99863076,0.99779934,0.9986765,0.9978837,0.99893063,0.9990781,0.9989764,0.99836177,0.99867,0.9989047,0.9980946,0.99877775,0.9984802,0.9975959,0.9972802
Adverse_effects_of_medical_treatment,0.99923795,0.9986417,0.9988003,1.0000004,0.99722946,0.9988947,0.99840504,0.99904454,0.99873096,0.9987238,0.9979882,0.99844795,0.99866855,0.99915075,0.99873215,0.9978735,0.99841577,0.9991309,0.9985359,0.9987882,0.9990748,0.998993,0.99903375,0.99868697,0.99903977,0.9987671,0.9977664,0.9989701,0.9989317,0.9991498,0.9989917,0.9964821,0.9978384,0.9991179,0.9980448,0.9981019,0.9991845,0.99819195,0.9988146,0.9994422,0.99918664,0.9993843,0.9991514,0.99861884,0.9987284,0.99861336,0.9988162,0.99766344,0.9989663,0.99868727,0.99943423,0.99899083,0.99848896,0.99771816,0.99905914,0.9986948,0.9984864,0.9993281,0.9979671,0.9987552,0.99812,0.99907863,0.9984683,0.99930984,0.9977074,0.9991327,0.99908453,0.9995084,0.99908704,0.9986802,0.9991821,0.99874425,0.9990699,0.99922335,0.9983874,0.9977151,0.9978803,0.998086,0.9981464,0.9987294,0.9987693,0.9985802,0.9978785,0.9986153,0.99875724,0.9988268,0.9987386,0.99872565,0.99930966,0.99933726,0.99747247,0.99827504,0.9989573,0.99902284,0.99909276,0.99852335,0.99917686,0.9989849,0.9988681,0.9987744,0.99906695,0.99876946,0.99881035,0.9993948,0.99864465,0.99843997,0.9985872,0.9983929,0.99720114,0.9991826,0.9987694,0.99944,0.9992352,0.9994476,0.9992224,0.999025,0.998914,0.99941915,0.99857926,0.9988217,0.99954194,0.9989836,0.998579,0.99903196,0.99954695,0.9976117,0.9990222,0.99909896,0.9989595,0.99881,0.99883324,0.9993697,0.9985677,0.9987034,0.99858856,0.9990949,0.99953145,0.9971539,0.99890757,0.99879295,0.99952805,0.99914265,0.99910176,0.998321,0.9988932,0.99919397,0.9985173,0.9983192,0.9982733,0.99858195,0.9981857,0.99877965,0.9987529,0.9983382,0.99926716,0.9989303,0.9986747,0.9987581,0.99877626,0.9977577,0.9989295,0.99788094,0.9990432,0.99832773,0.99935806,0.9993558,0.9994193,0.99937093,0.99881166,0.9991249,0.99889857,0.99897325,0.9985309,0.9978011,0.9976634
African_trypanosomiasis,0.99690855,0.996074,0.9967245,0.99722946,1.0000005,0.99644667,0.99594265,0.99676055,0.9971554,0.997752,0.995295,0.9951353,0.9950061,0.99652994,0.99521345,0.99536055,0.9964817,0.99765486,0.99601084,0.99618834,0.9967349,0.99691063,0.996845,0.9971056,0.99652433,0.99648833,0.9990006,0.9958833,0.9960038,0.99649704,0.99647343,0.9938772,0.99661285,0.9966121,0.9972926,0.9980215,0.9961892,0.99840593,0.9961949,0.997233,0.99659365,0.99749,0.9970424,0.9974762,0.99682814,0.9961672,0.9963301,0.99811184,0.99785537,0.99624985,0.9969283,0.99661976,0.99519414,0.99708855,0.99634415,0.99606776,0.99533254,0.9966761,0.9985436,0.99604976,0.99728715,0.9958799,0.9953672,0.99694777,0.9987141,0.99643,0.9977868,0.99659115,0.9973746,0.9962273,0.9962713,0.9970092,0.99659294,0.99675965,0.99499303,0.9955989,0.9984127,0.9978211,0.9963369,0.99526954,0.9959775,0.9955083,0.9989595,0.99824953,0.99711114,0.99643654,0.9961586,0.99552363,0.99643457,0.9972964,0.9987111,0.99912053,0.99624705,0.997397,0.99644095,0.99751794,0.9974478,0.99685484,0.99771756,0.9965918,0.9972713,0.99662954,0.9953721,0.9971499,0.99739146,0.9961185,0.9957848,0.9950946,0.99852514,0.9967595,0.9957015,0.99653655,0.99650836,0.9968345,0.9972291,0.99677557,0.99668854,0.9966988,0.9992106,0.99609476,0.9972324,0.99670935,0.9955725,0.9964842,0.9974002,0.9960295,0.9963317,0.99759114,0.9962332,0.9964064,0.996298,0.9962307,0.9951779,0.9971501,0.99730396,0.9971938,0.9979566,0.99539506,0.9965867,0.9965167,0.9967792,0.99693847,0.997137,0.99836534,0.9965429,0.99683917,0.99633247,0.99812,0.9987558,0.9965274,0.9956748,0.99716735,0.9963303,0.9954392,0.9962768,0.99686635,0.99626493,0.99735904,0.9959057,0.99465907,0.99635804,0.9975014,0.998398,0.998116,0.99659574,0.99731123,0.99657416,0.99686587,0.99608195,0.997046,0.995458,0.9974826,0.9969276,0.9985898,0.9980716
Age-related_and_other_hearing_loss,0.99850297,0.9977177,0.99783915,0.9988947,0.99644667,1.0000005,0.99810135,0.9984085,0.9985188,0.99796116,0.99798757,0.99755067,0.99770707,0.99859554,0.9979469,0.9980446,0.9987096,0.99824506,0.9982601,0.99807364,0.9993735,0.99852216,0.9983875,0.99813044,0.9983753,0.9982444,0.99713653,0.99819815,0.9984023,0.9981663,0.9982317,0.9967347,0.9975903,0.99907947,0.99729043,0.9975569,0.99869335,0.9974178,0.99861634,0.99862844,0.99859864,0.99845374,0.9985073,0.9979927,0.9983756,0.99817795,0.9984666,0.9968606,0.9983287,0.99777675,0.9988927,0.99853665,0.9976426,0.9975968,0.99879956,0.99832934,0.99837303,0.9987464,0.9973491,0.9980953,0.99742776,0.99818146,0.99755365,0.9984782,0.9970901,0.9984919,0.9985152,0.9990655,0.9986358,0.9977189,0.9985886,0.9990338,0.99896544,0.99824226,0.99766046,0.9975501,0.99727696,0.99724984,0.9978238,0.9979454,0.9979388,0.9982815,0.99709266,0.99808437,0.99794495,0.99836606,0.9977896,0.9985552,0.9988217,0.998681,0.99673027,0.99753326,0.9984392,0.99829847,0.99860334,0.99800825,0.9985809,0.99814045,0.99868286,0.9977524,0.998687,0.9983586,0.99870974,0.9990817,0.9980652,0.99749845,0.99799204,0.9979052,0.9965583,0.99897623,0.9985077,0.99881953,0.99864066,0.99859464,0.998337,0.99838656,0.99880207,0.9991013,0.99796885,0.9983672,0.99941313,0.9984992,0.99810857,0.9998529,0.9988853,0.99748176,0.9984777,0.9984258,0.9991831,0.99803615,0.99796903,0.99837613,0.9975728,0.998439,0.99798465,0.99856883,0.99864954,0.9968615,0.9982913,0.9981897,0.99859893,0.9982188,0.9984932,0.9977905,0.99833566,0.99837554,0.9982845,0.99767625,0.99756056,0.99845225,0.99786186,0.9982073,0.9979883,0.99746615,0.99886066,0.99878347,0.9981099,0.99818486,0.99827045,0.99717915,0.99813795,0.99765074,0.9982976,0.99738705,0.9985475,0.9987033,0.9987176,0.9984063,0.9981934,0.9984211,0.9978531,0.9983386,0.99819124,0.99711853,0.9970127
Alcohol_use_disorders,0.9978075,0.9969192,0.99788594,0.99840504,0.99594265,0.99810135,1.0,0.9975498,0.99857056,0.99699235,0.9994793,0.9965438,0.99670523,0.99845135,0.99752814,0.9992709,0.99899375,0.9972524,0.99940723,0.9975076,0.998019,0.9977402,0.9981012,0.9980168,0.99753654,0.9979567,0.9964456,0.9980339,0.99826676,0.997986,0.99787694,0.9989711,0.997655,0.99754477,0.99573964,0.99629855,0.9980259,0.9970591,0.9995913,0.99791527,0.99850917,0.9980069,0.99820036,0.99756485,0.99800545,0.9998779,0.9993736,0.9965628,0.99754655,0.99651086,0.99840844,0.9982478,0.99725246,0.9973625,0.99778384,0.9967027,0.99859756,0.99806315,0.9967924,0.99638957,0.9960549,0.99738556,0.9969699,0.9980443,0.99638504,0.99798596,0.9986528,0.9983024,0.9978897,0.9971448,0.9983738,0.9985033,0.9983681,0.9979748,0.99632686,0.9990491,0.99660426,0.99675786,0.99750745,0.9977704,0.9971593,0.997167,0.9962721,0.9970842,0.99736714,0.9975176,0.9974723,0.9982872,0.99814194,0.9982811,0.9963147,0.99724317,0.99712366,0.99753535,0.9984262,0.9975095,0.99745125,0.99733996,0.99804866,0.9971672,0.99831545,0.99763906,0.9979802,0.9983896,0.9974806,0.9967708,0.99736345,0.9967628,0.9960826,0.9979704,0.9978306,0.99827313,0.9984087,0.9980565,0.99782497,0.99750865,0.999637,0.99804133,0.99745077,0.99705225,0.99870676,0.99841386,0.99739987,0.9984768,0.9981447,0.9971665,0.9975707,0.99857014,0.997476,0.9975908,0.99743915,0.9976492,0.99632066,0.9982606,0.99774563,0.9978552,0.99837416,0.9981475,0.9980171,0.9980369,0.99792355,0.99783516,0.9979896,0.9971707,0.9973918,0.99799645,0.99814993,0.99668103,0.99711895,0.9993033,0.9993739,0.99860716,0.99697316,0.9970697,0.99853265,0.99835217,0.9971364,0.9977916,0.9973026,0.99540675,0.9976994,0.99711215,0.9976624,0.99679524,0.99796337,0.9982875,0.99807924,0.99750966,0.99778396,0.9976096,0.9971756,0.997522,0.99800384,0.9966922,0.99652654
Alopecia_areata,0.99959993,0.99834996,0.99814004,0.99904454,0.99676055,0.9984085,0.9975498,0.9999999,0.9981402,0.99797124,0.9974839,0.99727434,0.9977687,0.99862635,0.997674,0.9972438,0.9978757,0.9990676,0.998042,0.9981838,0.998679,0.9983316,0.9984254,0.99778885,0.9982094,0.99820215,0.9972465,0.9981959,0.998192,0.9984444,0.9983229,0.9957752,0.996925,0.99860495,0.99744064,0.99766237,0.998258,0.99742764,0.9981673,0.99950683,0.9984664,0.99866635,0.9986289,0.9979497,0.9975855,0.9976326,0.9982926,0.9967923,0.9983342,0.99774855,0.99883384,0.9979517,0.9977498,0.9969006,0.99811333,0.99842614,0.9973553,0.9987174,0.9974619,0.9977467,0.9983632,0.99821275,0.9977205,0.99877757,0.9972683,0.9986226,0.9983878,0.9988979,0.9986376,0.9983535,0.9983872,0.9983102,0.9983765,0.99893475,0.9974318,0.9967974,0.9974842,0.9972516,0.9975737,0.9976276,0.9981484,0.99809355,0.9976228,0.99851614,0.9982763,0.99852926,0.9979828,0.99799526,0.99855405,0.9985118,0.997137,0.9975541,0.99839723,0.99873644,0.9982671,0.9977462,0.998441,0.9983858,0.998298,0.99824667,0.99877685,0.99823457,0.9980398,0.9985905,0.9979989,0.99825495,0.9982652,0.99742997,0.9968843,0.9989258,0.9981973,0.9985224,0.9985724,0.99873847,0.9986227,0.99853784,0.9982387,0.99895054,0.9981027,0.9983835,0.99887335,0.99839723,0.99807984,0.99850535,0.9993478,0.9963569,0.9979062,0.9984465,0.9984464,0.99822485,0.9980953,0.9984566,0.99750257,0.99808604,0.9978062,0.9985126,0.9985315,0.99603474,0.998314,0.9981473,0.999459,0.99950606,0.9983543,0.99754786,0.99822426,0.99898005,0.9972465,0.9984136,0.9977572,0.99793905,0.9972917,0.99814457,0.998248,0.99766064,0.9982619,0.99796027,0.9981844,0.99799097,0.9982601,0.9969617,0.99823326,0.99758077,0.99843884,0.9975966,0.99869055,0.99853927,0.9987103,0.99912834,0.9982552,0.99862355,0.997807,0.9989483,0.99807215,0.9970654,0.9969024
Alzheimer's_disease_and_other_dementias,0.9981306,0.9979351,0.9979749,0.99873096,0.9971554,0.9985188,0.99857056,0.9981402,1.0000008,0.99725556,0.9982764,0.9970003,0.9967388,0.9985527,0.9976668,0.99842143,0.9989161,0.9977926,0.9989482,0.9980997,0.99865896,0.9987681,0.99869585,0.99804103,0.99856746,0.9980849,0.9974538,0.9984413,0.9984619,0.9983887,0.9984541,0.99710065,0.9971435,0.9981365,0.99660933,0.9972857,0.9979285,0.9976639,0.99894094,0.99845237,0.9988696,0.99828815,0.99852765,0.99792653,0.9976503,0.9985073,0.9986047,0.9973639,0.9985795,0.99701,0.99901414,0.99820405,0.99760264,0.9974364,0.9981457,0.9975086,0.9981327,0.9980436,0.9971857,0.99686646,0.9966851,0.99778,0.9975163,0.9986802,0.99703443,0.99826634,0.99868757,0.99853146,0.9984691,0.9977555,0.9986139,0.9989364,0.99893206,0.99858165,0.99637884,0.99746144,0.9969882,0.99721694,0.9974216,0.9980931,0.997906,0.9974963,0.99718493,0.99774426,0.99829525,0.99815714,0.9981515,0.99805486,0.9984226,0.9984085,0.9967217,0.99783266,0.99789417,0.9985751,0.9982371,0.99775934,0.9981465,0.99819994,0.9995319,0.99821734,0.99929017,0.9985575,0.99776787,0.9986857,0.99892515,0.9976053,0.9978736,0.9972258,0.9965118,0.9983659,0.9981304,0.9987483,0.998687,0.99854624,0.99806964,0.9984293,0.9992515,0.99855745,0.99828625,0.9977395,0.999391,0.99865067,0.99773026,0.99873126,0.9987898,0.9966108,0.9974094,0.9984969,0.9976787,0.998336,0.99828845,0.9981378,0.99661636,0.99968827,0.99821883,0.99855727,0.9987865,0.99648714,0.99853146,0.99826705,0.9982976,0.99852,0.998611,0.9977907,0.9977482,0.99872494,0.99750817,0.9971364,0.99758184,0.9992048,0.998001,0.99826604,0.9977904,0.9977133,0.99890274,0.9983519,0.9975502,0.998025,0.9978126,0.9959431,0.99837047,0.99706715,0.99820507,0.9972387,0.998402,0.9984168,0.9985803,0.998026,0.9979761,0.99806565,0.9977141,0.9981236,0.9981899,0.9973775,0.9974073
Animal_contact,0.998158,0.9971274,0.9974198,0.9987238,0.997752,0.99796116,0.99699235,0.99797124,0.99725556,0.99999976,0.9965009,0.9971312,0.99753195,0.9978154,0.9968154,0.9963938,0.9971937,0.99880856,0.9968667,0.9969582,0.99818707,0.9974924,0.99734074,0.998333,0.99743974,0.9972475,0.9980594,0.9970549,0.99722666,0.9973599,0.99706614,0.995092,0.9981543,0.99816024,0.99832356,0.9985393,0.9982275,0.9985003,0.99735785,0.9986102,0.99754685,0.99858797,0.9978672,0.99807775,0.99892026,0.99736357,0.9976225,0.9979004,0.99870807,0.99797773,0.99788356,0.9982322,0.996365,0.99788,0.99812365,0.99777687,0.99736094,0.99869335,0.99844545,0.99845576,0.9983577,0.997368,0.99644214,0.99788904,0.99860376,0.9975498,0.99817824,0.9985943,0.9981959,0.99715793,0.9975899,0.99771,0.9978718,0.9974676,0.9974172,0.99719423,0.99860746,0.9981628,0.9972562,0.9967418,0.9969731,0.99711335,0.9982462,0.99869204,0.9972034,0.99743086,0.99669015,0.99731743,0.99792904,0.9986133,0.997986,0.9983665,0.99773633,0.9976964,0.99785376,0.9983345,0.9987756,0.99766344,0.99779403,0.99706423,0.9976949,0.99705213,0.9977321,0.998361,0.99721426,0.99691844,0.9968116,0.99671376,0.9979291,0.99813,0.99714136,0.99794054,0.9977189,0.9978816,0.9983533,0.9975452,0.99764526,0.99822474,0.9985135,0.9976429,0.9984291,0.9976336,0.9968287,0.99803436,0.9983962,0.997948,0.99906284,0.9981798,0.99818087,0.9969735,0.99689555,0.9979035,0.9975132,0.99714684,0.9977714,0.99824405,0.9990699,0.9972282,0.9970818,0.9976294,0.9984163,0.99762017,0.9978363,0.9988828,0.9978458,0.9975318,0.9983891,0.9991211,0.9983566,0.99702024,0.9972913,0.99779,0.99745476,0.99625224,0.99776804,0.9984246,0.9975827,0.99824566,0.9971505,0.99695426,0.9970401,0.9978278,0.99845785,0.9984685,0.997778,0.99864167,0.99781436,0.99875706,0.9971422,0.9985484,0.9973391,0.99838895,0.9975868,0.9984346,0.9978764
Anxiety_disorders,0.99762726,0.99649405,0.9972168,0.9979882,0.995295,0.99798757,0.9994793,0.9974839,0.9982764,0.9965009,0.9999997,0.9962089,0.996641,0.99815154,0.9971557,0.9995113,0.99911106,0.9969837,0.99954695,0.9971567,0.9978125,0.9973928,0.9976913,0.9977776,0.99719346,0.99756026,0.9958413,0.997536,0.998002,0.9973565,0.99748814,0.9992024,0.99733,0.9973658,0.9955288,0.99605656,0.9977856,0.9964685,0.9997011,0.9976963,0.99800926,0.9976236,0.9977636,0.9970996,0.9974553,0.9993286,0.99946827,0.99602455,0.9971891,0.9961419,0.99800575,0.9977944,0.99691343,0.99694645,0.9974322,0.9965037,0.9984229,0.99763024,0.99630684,0.99604815,0.99569833,0.9969808,0.9965808,0.9976621,0.99575615,0.9977031,0.9980705,0.99825454,0.99741745,0.9967929,0.9979192,0.99846214,0.99824256,0.99775565,0.99620575,0.99883246,0.99621195,0.9962063,0.99701154,0.9974209,0.99683803,0.99691135,0.9956706,0.99671394,0.99685067,0.9971701,0.9969465,0.9984541,0.9977947,0.99794453,0.9958193,0.9965743,0.9969014,0.99715406,0.99806964,0.9971133,0.99713004,0.99697304,0.99770623,0.9967565,0.998185,0.9972706,0.9981133,0.99795806,0.99698967,0.9964656,0.9970243,0.99652547,0.9955958,0.99773216,0.99766326,0.99789417,0.99810874,0.9976465,0.9974537,0.9971743,0.9996195,0.9978965,0.99694794,0.9968678,0.9985193,0.99797,0.9970845,0.9983881,0.9978574,0.9966453,0.99713343,0.99799263,0.997377,0.9972494,0.99702376,0.9972329,0.99611396,0.99804384,0.9972992,0.9973239,0.99771166,0.99771875,0.9975096,0.99757105,0.99780214,0.9977036,0.9974691,0.99665457,0.99715257,0.9977848,0.99762076,0.99645555,0.9966398,0.9993863,0.9993003,0.9980355,0.99668074,0.996744,0.9981805,0.9979102,0.99680954,0.9973649,0.9970338,0.99515915,0.9972851,0.9967109,0.9972172,0.99630886,0.9976648,0.9979557,0.9976674,0.9973385,0.99744546,0.99730146,0.99675333,0.9971301,0.9974065,0.9960854,0.99596447
Aortic_aneurysm,0.9973144,0.99752533,0.99738336,0.99844795,0.9951353,0.99755067,0.9965438,0.99727434,0.9970003,0.9971312,0.9962089,1.0000004,0.9985092,0.9973945,0.99851286,0.99598026,0.9966114,0.9976791,0.99668676,0.9978759,0.99792075,0.99785787,0.9976201,0.9968385,0.9984212,0.9975037,0.99600965,0.9980329,0.9976079,0.9981948,0.99788445,0.9946369,0.99616385,0.998781,0.9971297,0.99659985,0.9983172,0.9962186,0.9970675,0.99749327,0.9979675,0.9977866,0.99754333,0.99672556,0.997376,0.99664545,0.99717253,0.9955429,0.997346,0.99888176,0.99825996,0.9976073,0.9979923,0.99593866,0.99844533,0.9980657,0.9971214,0.99820554,0.99619246,0.99836606,0.9964777,0.99874353,0.99802774,0.997762,0.9955823,0.9981388,0.99727917,0.99826175,0.9977887,0.99754703,0.99841106,0.99717444,0.99752206,0.99795026,0.9986909,0.99584025,0.9960511,0.99635476,0.99627364,0.9984536,0.9980845,0.99797964,0.99588096,0.9967486,0.9972004,0.9977226,0.9977807,0.99766964,0.998963,0.9978346,0.99540263,0.99624276,0.9983828,0.9975246,0.99790347,0.9966048,0.99800247,0.99789953,0.99718136,0.997303,0.99734056,0.9975731,0.9980186,0.9981872,0.99700946,0.997297,0.9977397,0.9992859,0.99512684,0.9979749,0.9979753,0.99896926,0.9979143,0.9985343,0.9981623,0.99799895,0.9970513,0.9985821,0.9965823,0.9982199,0.99829113,0.99732745,0.9978254,0.9976218,0.99815166,0.99602973,0.99814045,0.99739474,0.99787176,0.9976401,0.9978928,0.9986933,0.99875027,0.99691355,0.99669063,0.99758506,0.99753606,0.99525136,0.99771154,0.99727255,0.9977519,0.997357,0.9979911,0.9962198,0.99871516,0.99768025,0.9973178,0.9963195,0.99635357,0.9965909,0.99648106,0.9970308,0.9980495,0.99748707,0.9986129,0.99743265,0.9979719,0.996889,0.9978229,0.99786,0.99777395,0.9961542,0.99745274,0.99651504,0.9985324,0.9978514,0.9985772,0.9974549,0.9978699,0.9975803,0.99875325,0.9974097,0.99671614,0.99568933,0.9955442
Appendicitis,0.9978307,0.9975608,0.997531,0.99866855,0.9950061,0.99770707,0.99670523,0.9977687,0.9967388,0.99753195,0.996641,0.9985092,0.9999999,0.99774265,0.9978951,0.996209,0.99680316,0.9982024,0.9969124,0.9980445,0.99797815,0.9976641,0.99779123,0.9972318,0.9978555,0.99792945,0.9959643,0.9978285,0.99769104,0.9981386,0.9981492,0.99493337,0.9963864,0.9986127,0.9979435,0.997412,0.99856746,0.99654734,0.9973898,0.99795145,0.9979196,0.9984862,0.9980851,0.9971545,0.9977343,0.99693894,0.9977284,0.9956404,0.9975934,0.9985817,0.9983313,0.9976657,0.9980064,0.9958648,0.99807495,0.99834913,0.99748325,0.9983793,0.99675196,0.9984965,0.9970358,0.99890614,0.9981098,0.99799246,0.9960168,0.99863833,0.9975885,0.9986958,0.9978975,0.99782455,0.9981603,0.9973403,0.99775857,0.9983232,0.9991843,0.9963952,0.9968707,0.997106,0.9970598,0.99780726,0.998182,0.99828863,0.9961669,0.9974239,0.9971096,0.99806774,0.997616,0.99798506,0.99850976,0.9983703,0.995993,0.9965699,0.998466,0.9975573,0.9983986,0.9972424,0.998575,0.9981749,0.9969073,0.9972198,0.99729514,0.99741,0.99835336,0.99841696,0.99679446,0.9975422,0.99792564,0.9980539,0.9957205,0.99827266,0.99785197,0.99850905,0.9980145,0.9987914,0.9988755,0.9981969,0.99732727,0.9986488,0.9967941,0.9987464,0.998281,0.9977704,0.99795836,0.99779266,0.99845254,0.99611515,0.99859154,0.9977927,0.9987325,0.99794024,0.99795413,0.9990209,0.9994071,0.996606,0.99703425,0.99767244,0.9978089,0.9959261,0.9977206,0.99785995,0.9982477,0.9975764,0.9975157,0.9966092,0.9985391,0.9977916,0.9975137,0.99707884,0.9969348,0.99678105,0.9969899,0.9975181,0.99822474,0.997645,0.9981716,0.9978569,0.99845856,0.9974012,0.99826103,0.9978216,0.9977658,0.99696034,0.99787986,0.99747777,0.9989179,0.9983912,0.9986325,0.9980291,0.9983204,0.9981035,0.99868387,0.99777025,0.9972447,0.99588513,0.9956094
Asthma,0.99877906,0.99836546,0.9986781,0.99915075,0.99652994,0.99859554,0.99845135,0.99862635,0.9985527,0.9978154,0.99815154,0.9973945,0.99774265,1.0000004,0.99832374,0.99813426,0.99834824,0.99837255,0.9985335,0.9984317,0.99858695,0.9982708,0.9987873,0.9984636,0.9986373,0.99859136,0.99730635,0.99890697,0.99959517,0.9988479,0.9987124,0.9969067,0.9971699,0.9983941,0.9970389,0.9973196,0.9985662,0.9978494,0.9989242,0.9993131,0.9992232,0.9990771,0.9989823,0.99859214,0.99817175,0.9985635,0.99865735,0.99712175,0.9983562,0.9975074,0.99920726,0.9987115,0.9982367,0.9973839,0.9983497,0.99771976,0.998409,0.99877197,0.9977263,0.997299,0.9972341,0.9983874,0.9979178,0.99900514,0.99714255,0.9987794,0.99896103,0.99895805,0.9987265,0.9981993,0.99922746,0.99849933,0.99857605,0.9992066,0.9971401,0.99753755,0.9977208,0.99764234,0.99825186,0.998698,0.99808997,0.9981466,0.9973216,0.9980265,0.99841183,0.99835205,0.9982612,0.99846476,0.99890864,0.99938464,0.99719095,0.9979585,0.99800396,0.998503,0.9989567,0.9985008,0.9984497,0.998425,0.9984514,0.9983116,0.99895704,0.9984845,0.9983032,0.9991684,0.99822104,0.99791044,0.9983064,0.99780446,0.9969341,0.99887055,0.99844813,0.9991136,0.9997375,0.9990173,0.99892175,0.9984637,0.99881864,0.9988826,0.99814266,0.99801093,0.99907535,0.99907404,0.9982586,0.99880874,0.9991156,0.9969033,0.99797946,0.9990185,0.99876213,0.9984145,0.99834394,0.99871445,0.99734807,0.9983677,0.9988755,0.9990074,0.9988449,0.99673396,0.99859196,0.99880683,0.999139,0.99912834,0.99913615,0.9978633,0.9985317,0.999236,0.9979983,0.997785,0.9980925,0.99852556,0.9980597,0.99881023,0.9978925,0.99809337,0.99901044,0.9987792,0.9978712,0.9987345,0.99821454,0.9967139,0.99872077,0.99790967,0.99861854,0.9977047,0.9989777,0.9993867,0.99903756,0.99911517,0.9985422,0.9986407,0.9982571,0.99847496,0.9987505,0.99739033,0.997144
Atrial_fibrillation_and_flutter,0.99772453,0.9978933,0.9982444,0.99873215,0.99521345,0.9979469,0.99752814,0.997674,0.9976668,0.9968154,0.9971557,0.99851286,0.9978951,0.99832374,1.0000004,0.9968359,0.9971362,0.9975359,0.99774075,0.9982078,0.9981465,0.99792695,0.9981486,0.99730724,0.9990263,0.9979245,0.9962379,0.99898815,0.9986926,0.9988109,0.9983541,0.9955174,0.9959694,0.99824965,0.99646986,0.9964518,0.99839056,0.9964871,0.9980684,0.99785256,0.99883276,0.99820024,0.9983273,0.9973078,0.99751335,0.9975754,0.99766904,0.99560267,0.9974249,0.9982763,0.998794,0.9982961,0.9982445,0.99608815,0.99817,0.99748254,0.99807006,0.99819624,0.99640733,0.99708605,0.9960645,0.998559,0.9980962,0.9984233,0.995586,0.9983664,0.9979628,0.99866635,0.99811596,0.99778855,0.99921215,0.99742943,0.9984045,0.99838805,0.9976096,0.99627477,0.99625623,0.9963336,0.9972391,0.99945396,0.9981418,0.9979367,0.9959129,0.9967637,0.9975789,0.99773085,0.99823433,0.9981027,0.99916595,0.9983275,0.995783,0.9966984,0.99781436,0.99773586,0.99841326,0.9971664,0.99784255,0.9977933,0.997516,0.99769247,0.99813056,0.99790823,0.99806297,0.99845815,0.99723434,0.99739885,0.9979415,0.99922216,0.99555033,0.99804294,0.9983101,0.99944943,0.9987639,0.9987086,0.9982847,0.9979478,0.9978186,0.9985045,0.9968162,0.99780977,0.99862874,0.99823105,0.998035,0.9981897,0.998357,0.99591506,0.9975426,0.99811804,0.99790955,0.99791765,0.99803287,0.998553,0.99755937,0.9976377,0.9974909,0.99779606,0.9978705,0.99553543,0.9982644,0.9980119,0.9982468,0.9980199,0.99849236,0.9964706,0.9990428,0.99843633,0.9973421,0.99633926,0.99661964,0.9975884,0.9972179,0.99787766,0.9975762,0.99789625,0.9993782,0.99779534,0.99759865,0.9975771,0.99818593,0.99646753,0.9982064,0.99669033,0.9976159,0.9965018,0.9986486,0.9983328,0.998924,0.9978973,0.998171,0.9978675,0.99841577,0.997349,0.99748296,0.99588716,0.9956738
Attention-deficit_hyperactivity_disorder,0.9973805,0.9964437,0.99709475,0.9978735,0.99536055,0.9980446,0.9992709,0.9972438,0.99842143,0.9963938,0.9995113,0.99598026,0.996209,0.99813426,0.9968359,1.0000004,0.99940884,0.9967582,0.9994159,0.99694955,0.99792284,0.99745876,0.9975596,0.9975937,0.99724174,0.9972696,0.99592626,0.99742323,0.99780357,0.9972505,0.9972371,0.99943477,0.99697965,0.99754554,0.9952945,0.9959997,0.9974416,0.99662983,0.99934703,0.9975664,0.99793136,0.9975182,0.9976974,0.9970694,0.9974197,0.99913085,0.9991586,0.99592704,0.99723077,0.99589026,0.99795777,0.99759126,0.9965879,0.9968415,0.99730724,0.9964574,0.9980903,0.9973995,0.9962322,0.9958977,0.9955402,0.99680316,0.99636954,0.9975256,0.99579334,0.99739623,0.99796724,0.99807125,0.99749774,0.9967843,0.99784356,0.9987996,0.99834317,0.9975497,0.99582887,0.9984875,0.99612516,0.99619657,0.9970144,0.9972138,0.99669755,0.99660033,0.9956832,0.9966265,0.996999,0.9970047,0.9967994,0.9980562,0.9975553,0.9977656,0.99584514,0.99671257,0.99674493,0.9970605,0.9979711,0.9970388,0.9970759,0.9967699,0.9979439,0.9967609,0.9981289,0.99730134,0.99777174,0.99809635,0.99723417,0.9964675,0.99675393,0.9963635,0.99556786,0.9976217,0.9973751,0.9977749,0.9979529,0.9974538,0.9971981,0.9970566,0.9994937,0.99776304,0.9970756,0.9966795,0.9985453,0.997977,0.99688935,0.998387,0.997689,0.996515,0.9970245,0.9978312,0.99725664,0.99704945,0.9968977,0.99706423,0.9957896,0.9982519,0.9972475,0.99722654,0.9977644,0.99734974,0.99735016,0.9975616,0.9975195,0.9974664,0.99759245,0.9965878,0.99693835,0.9975854,0.997551,0.99627596,0.9965829,0.99937695,0.9988556,0.99782765,0.99658126,0.99649215,0.9980374,0.99802697,0.99671394,0.9972997,0.99681723,0.9949014,0.997128,0.99661934,0.99712133,0.9962626,0.99740154,0.9977752,0.99753535,0.9972004,0.9971235,0.99713796,0.9964647,0.99692565,0.99755025,0.99620324,0.99624664
Autism_spectrum_disorders,0.9979879,0.99700767,0.99725205,0.99841577,0.9964817,0.9987096,0.99899375,0.9978757,0.9989161,0.9971937,0.99911106,0.9966114,0.99680316,0.99834824,0.9971362,0.99940884,1.0,0.997563,0.99920547,0.99746716,0.998489,0.998269,0.9980649,0.9983618,0.9978407,0.9976658,0.9967684,0.99767387,0.9979817,0.9976057,0.9977828,0.9986039,0.9978029,0.9983511,0.9963098,0.9968669,0.99795383,0.9974666,0.9991393,0.9980879,0.9981055,0.9979352,0.99810296,0.99769056,0.9978547,0.99899715,0.99918884,0.99728996,0.9980371,0.9967794,0.9983257,0.99799156,0.99694085,0.9977036,0.9980103,0.99719775,0.99819064,0.9980001,0.99684817,0.9968953,0.9963604,0.99723214,0.9968093,0.9980557,0.9967687,0.99786645,0.9984422,0.99832004,0.9981484,0.99711686,0.99791366,0.9995189,0.9988471,0.99806637,0.99650335,0.99863195,0.996749,0.9970047,0.9971517,0.99727434,0.99741167,0.9970855,0.9965046,0.9973309,0.9976495,0.99761295,0.9973522,0.9981884,0.99794805,0.9982534,0.9965629,0.99753714,0.9975101,0.99796844,0.99832433,0.99768347,0.9978139,0.99761933,0.9988515,0.99740636,0.9987059,0.9978835,0.9979506,0.9986752,0.99802095,0.9968951,0.9972062,0.99690855,0.99620026,0.99808955,0.99777913,0.99810964,0.99827814,0.9979234,0.99766964,0.9978042,0.9995388,0.99829525,0.99806106,0.9973915,0.9990439,0.9982311,0.9972322,0.9988151,0.9982984,0.9972526,0.99762,0.99821997,0.99775594,0.99773717,0.9975927,0.99757254,0.9965389,0.9987341,0.9977139,0.99794924,0.99832493,0.99763846,0.9978843,0.9977927,0.99787223,0.99797183,0.99815327,0.9975765,0.99745256,0.99798596,0.9978961,0.99703366,0.9972421,0.99942666,0.9986797,0.9981216,0.9973899,0.99684966,0.9982781,0.9985908,0.99733967,0.9977831,0.9973478,0.9958379,0.9976437,0.99712294,0.9977949,0.9970679,0.9978576,0.9982634,0.99796134,0.9976586,0.99753004,0.9976506,0.99698204,0.99760354,0.9978575,0.99719995,0.99745977
Bacterial_skin_diseases,0.9992652,0.9981378,0.99817705,0.9991309,0.99765486,0.99824506,0.9972524,0.9990676,0.9977926,0.99880856,0.9969837,0.9976791,0.9982024,0.99837255,0.9975359,0.9967582,0.997563,1.0000002,0.9975483,0.9979256,0.9984842,0.9981612,0.99819857,0.9981825,0.9981853,0.9980795,0.997968,0.99789476,0.99798673,0.998244,0.99809897,0.9954418,0.9973145,0.99865603,0.9983493,0.9984963,0.99847883,0.9981814,0.99776787,0.99936736,0.99822766,0.99913126,0.9984833,0.9983834,0.99808073,0.99751866,0.9979974,0.99758846,0.99893546,0.99895614,0.99861026,0.9980922,0.9974791,0.99713784,0.99823284,0.9984774,0.9973486,0.99882406,0.99813104,0.998488,0.9993877,0.9982302,0.9975308,0.9986714,0.9979618,0.9984197,0.99868435,0.99882525,0.998564,0.99825144,0.9981502,0.99813956,0.9981226,0.9986994,0.9977498,0.99683076,0.99835294,0.99870205,0.99746954,0.9974976,0.9979348,0.9978949,0.9984434,0.99904716,0.99816906,0.9983598,0.99767816,0.997754,0.998495,0.9991026,0.9977818,0.99823767,0.9985248,0.99855113,0.9982472,0.9983613,0.99942845,0.9984523,0.99816185,0.9980815,0.99839705,0.99794006,0.9979654,0.9987215,0.997884,0.9981394,0.9979815,0.9975517,0.99765724,0.99884945,0.9978958,0.99849457,0.99848694,0.99870855,0.9991552,0.9984595,0.99794555,0.99889195,0.99859285,0.99846154,0.9987519,0.9982183,0.99782944,0.998241,0.9992726,0.9967599,0.99848634,0.9987642,0.9988912,0.99795175,0.997893,0.9985711,0.998036,0.99769014,0.99810654,0.9986612,0.99886775,0.99633926,0.99796885,0.9980934,0.99915487,0.99895287,0.99829626,0.9982657,0.9985284,0.99862754,0.9975922,0.9991641,0.99827385,0.9975759,0.99721706,0.99842846,0.9984254,0.99736714,0.99815977,0.99817693,0.9982148,0.9983535,0.99800634,0.99745935,0.99804085,0.99802494,0.9992292,0.9988515,0.99865925,0.9991246,0.99858344,0.9991148,0.9980534,0.9991161,0.9978915,0.99931014,0.9979812,0.99792683,0.9976504
Bipolar_disorder,0.9980721,0.9973489,0.99774534,0.9985359,0.99601084,0.9982601,0.99940723,0.998042,0.9989482,0.9968667,0.99954695,0.99668676,0.9969124,0.9985335,0.99774075,0.9994159,0.99920547,0.9975483,1.0000005,0.99767697,0.9982414,0.99809194,0.99820375,0.99797964,0.9979924,0.9978575,0.9965368,0.99809694,0.9984169,0.99795234,0.99796486,0.99870163,0.9972204,0.99791515,0.9959813,0.9965295,0.99793106,0.996976,0.99964374,0.9981965,0.99854034,0.9980898,0.99822235,0.9974239,0.99763584,0.99923825,0.9993651,0.9965072,0.99791384,0.9968185,0.9985988,0.99802935,0.9973675,0.9970779,0.9977669,0.99710375,0.9983461,0.9979129,0.99664885,0.9964576,0.99634355,0.99749964,0.9971055,0.99824125,0.9961971,0.99810797,0.99842995,0.9986209,0.99797153,0.9975415,0.99844885,0.99889326,0.99888784,0.9983554,0.99641836,0.99832654,0.9965497,0.9966871,0.99737054,0.9979402,0.99745196,0.99729013,0.9964155,0.99738824,0.9976914,0.9976545,0.9974991,0.9982917,0.9981478,0.99832565,0.9961934,0.9971303,0.99743223,0.9978352,0.9984488,0.9974338,0.9977772,0.9976098,0.99847686,0.9976097,0.99881595,0.997849,0.9980263,0.9984769,0.9978192,0.9972589,0.99751717,0.99708116,0.9959647,0.9980938,0.99786377,0.9984402,0.99856704,0.9981581,0.99791175,0.9977967,0.9996949,0.99829704,0.99751365,0.997393,0.9990099,0.998393,0.9975135,0.9985743,0.9984088,0.99653417,0.99738413,0.9983468,0.9976635,0.997813,0.99762946,0.9977878,0.9965131,0.9987883,0.99767137,0.9978273,0.99824387,0.997237,0.9980279,0.99803835,0.99823636,0.99832606,0.998076,0.9970909,0.99766386,0.99837464,0.9975973,0.9967988,0.9970248,0.9997629,0.99904156,0.998274,0.9972941,0.99727833,0.99864465,0.99823534,0.9972935,0.9976505,0.9975596,0.99560076,0.99787956,0.9968926,0.9978225,0.9967958,0.99813443,0.9983349,0.9982196,0.9978628,0.99782884,0.9978445,0.99724257,0.9976974,0.9977783,0.99654186,0.99658287
